
% FIRST REPORTED INFECTION: JAPAN ON JAN 16
% DATA VECTORS ARE PADDED WITH ZEROS TO MAKE SURE DAY 1 IS JAN 16
% ITALY, GERMANY, FRANCE UK, US updated to avaiable data as of 04/01
% JAPAN, SK UPDATED UP TO 03/28
% DATA WERE COPIED FROM SITUATION ROOM PDF REPORTS BY WHO 
% 04/01 or 03/28 (JAPAN AND SK REPORTED DATA WITH DAYS OF DELAY)

%%%%%%%%%%%%%%%%%%%%%%%%%%%%%%%%%%%%%%
%%%%%%% SOUTH KOREA %%%%%%%%%%%%%%%%%
%%%%%%%%%%%%%%%%%%%%%%%%%%%%%%%%%%%%%%

SK=[zeros(1,5) 1*ones(1,4) 2 2 3 4*ones(1,3) 6 11 12 15 15 16 19 23 24 24 27 27 28*ones(1,5)...
    29 30 31 51 104 204 433 602 833 977 1261 1766 ...
    2337 3150 4212 4812 5328 5766 6284 6767 7134 7382 7513 7755 ... 
    7869 7979 8086 8162 8236 8320 8565 8652 8799 8897 8961 9037 9137 9241 9332 9478 9661 ...
    9887 9976 10062];
SKDeaths=[zeros(1,35) 1 2 2 4 7 10 12 13 13 17 22 28 32 35 42 44 50 51 54 60 ...
         66 67 72 75 75 81 84 91 94 102 104 111 120 126 131 139 144 158 165 169 174];
SKtot=52.7; % POPULATION - MILLIONS
nSK=SK/SKtot; % NORMALIZE INFECTIONS
nSKDeaths=SKDeaths/SKtot; % NORMALIZE DEATHS 

%%%%%%%%%%%%%%%%%%%%%%%%%%%%%%%%%%%%%%
%%%%% JAPAN %%%%%%%%%%%%%%%%%%%%%%%%%
%%%%%%%%%%%%%%%%%%%%%%%%%%%%%%%%%%%%%%

Japan=[ones(1,7) 3 3  4 6 7 11 14 17 20 20 20 23 25 25 25 26 26 26 26 ...
       28 33 41 53 59 65 73 85 93 105 132 144 157 164 186 210 230 239 ... 
       254 268 284 317 349 408 455 488 514 ...  
       568 620 675 716 780 814 829 873 914 950 1007 1054 1089 1128 1291 1364 1499 1866 1953 2178 2384 2617];
JapanFirstDeath='0213';
JapanDeaths=[zeros(1,28) 1 1 1 1 1 1 1 1 1 1 1 1 1 3 4 5 5 6 ...
             6 6 6 6 6 6 7 9 12 15 19 21 22 24 28 29 31 33 35 36 41 42 46 54 54 56 57 57 63];
Jtot=123;
nJapan=Japan/Jtot;
nJapanDeaths=JapanDeaths/Jtot;

%%%%%%%%%%%%%%%%%%%%%%%%%%%%%%%%%%%%%%
%%%%% ITALY %%%%%%%%%%%%%%%%%%%%%%%%%
%%%%%%%%%%%%%%%%%%%%%%%%%%%%%%%%%%%%%%

Italy=[zeros(1,15) 2*ones(1,6) 3*ones(1,14) 20 79 150 229 ...
     322 445 650 888 1128 1694 2036 2502 3089 3858 4636 5883 7375 ...
     9172 10149 12462 15113 17660 21157 24747 27980 31506 ...
     35713 41035 47021 53578 59138 63927 69176  74386 80539 86498 92472 97689 101739 105792 110574 115242];
ItalyDeaths=[zeros(1,35) 1 2 3 7 10 12 17 21 29 34 52 79 ...
    107 148 197 233 366 463 631 827 1016 1266 1441 1809 2158 2503 ...
            2978 3405 4032 4825 5476 6077 6820  7503 8165 9134 10023 10779 11591 12428 13155 13915];

Itot=60;
nItaly=Italy/Itot;
ItalyFirstDeath='0221';       
nItalyDeaths=ItalyDeaths/Itot;

%%%%%%%%%%%%%%%%%%%%%%%%%%%%%%%%%%%%%%
%%%%% GERMANY %%%%%%%%%%%%%%%%%%%%%%%%%
%%%%%%%%%%%%%%%%%%%%%%%%%%%%%%%%%%%%%%

Germany=[zeros(1,38) 16 18 21 26 53 66 117 150 188 240 349 534 684 847 1112 1460 1884 2369 3062 3795 4585 6012 7156 8198 ...
         10999 13957 16662 18610 22672 27436 31554 36508 42288 48582 52547 57298 61913 67366 73522]; 
GermanyFirstDeath='0309';
% 1st death on 03/09, infections that day 1112
GermanyDeaths=[zeros(1,53) 2 2 3 5 8 8 12 12 12 20 31 47 55 86 ...
              114 149 198 253 325 389 455 583 732 872]; % 03/27
Gtot=83;
nGermany=Germany/Gtot;
nGermanyDeaths=GermanyDeaths/Gtot;

%%%%%%%%%%%%%%%%%%%%%%%%%%%%%%%%%%%%%%
%%%%% FRANCE %%%%%%%%%%%%%%%%%%%%%%%%%
%%%%%%%%%%%%%%%%%%%%%%%%%%%%%%%%%%%%%%

France=[zeros(1,39) 13 18 38 57 100 130 191 212 285 423 613 949 1126 1412 ...
    1784 2281 2876 3661 4499 5400 6633 7730 9134 10995 ...
        12612 14459 16018 19856 22302 25233 29155 32964 37575 40174 44550 52128 56989 59105];
FranceFirstDeath='0225';
FranceDeaths=[zeros(1,39) 1 1 1 1 1 2 2 4 4 7 9 16 21 25 33 48 61 75 91 ...
    127 148 175 244 372 450 562 674 860 1100 1335 1696 1995 2314 2606 3024 3523 4032 5387];
Ftot=67;
nFrance=France/Ftot;
nFranceDeaths=FranceDeaths/Ftot;

%%%%%%%%%%%%%%%%%%%%%%%%%%%%%%%%%%%%%%
%%%%% UK %%%%%%%%%%%%%%%%%%%%%%%%%
%%%%%%%%%%%%%%%%%%%%%%%%%%%%%%%%%%%%%%

UK=[zeros(1,36) 2 3 7 8 12 15 20 23 35 39 51 87 114 160 206 271 321 ... 
    373 456 590 797 1061 1391 1543 1950 2626 3269 3983 ...
    5018 5683 6650 8077 11658 14579 17089 19522 22141 29474];
UKDeaths=[zeros(1,48) 1 2 2 3 5 6 8 8 10 21 35 55 60 103 144 ...
         177 233 281 335 422 578 759 1019 1228 1408 1789 2352 2921];
UKtot=67.5;
nUK=UK/UKtot;
% First death: 03/05, infections that day = 114;
UKFirstDeath='0305';
nUKDeaths=UKDeaths/UKtot;

%%%%%%%%%%%%%%%%%%%%%%%%%%%%%%%%%%%%%%
%%%%% SPAIN %%%%%%%%%%%%%%%%%%%%%%%%%
%%%%%%%%%%%%%%%%%%%%%%%%%%%%%%%%%%%%%%

Spain=[zeros(1,34) 2 2 3 3 4 8 14 26 45 59 84  125 169 228 282 365 430 674 1231 1695 2188 3146 5232 6391 7798 9942 11826 14746 ...
    18077 20410 25496 29909 35480 42058 47610 57786 65719 73232 80110 87956 95923 102136 112065];
% FIRST DEATH ON 03/05, reported infections = 282
SpainDeaths=[zeros(1,48) 3 8 10 17 30 36 55 86 133 196 294 342 533 ...
          638 833 1044 1381 1813 2342 2991 3445 4365 5138 5982  6803 7716 8464 9126 10348];
SpainFirstDeath='0305';
Stot=43;
nSpain=Spain/Stot;
nSpainDeaths=SpainDeaths/Stot;

%%%%%%%%%%%%%%%%%%%%%%%%%%%%%%%%%%%%%%
%%%%% UNITED STATES %%%%%%%%%%%%%%%%%%
%%%%%%%%%%%%%%%%%%%%%%%%%%%%%%%%%%%%%%

US=[zeros(1,6) 1 1 1 2 3 5 5 5 6 7 8 11 11 11 12*ones(1,15) 14*ones(1,6) 15 15 19 24 42 57 85 ...
    111 175 252 352 495  643 936 1205 2163 2825 3497 4372 5656 ...
    8074 12018 17438 23710 32518 41444 51825 64107 81795 100292 123311 141701 ...
    162126 185791 212747]; %
USDeaths=[zeros(1,43) 1 2 6 9 12 12 18 19 22 26 31 38 42 49 56 ...
          62 75 96 122 174 229 294 401 512 670 893 1159 1476 2211 ...
          2462 2968 3737 4745 ];
USFirstDeath='0229';
UStot=328;
nUS=US/UStot;
nUSDeaths=USDeaths/UStot;


